alpha=1.0
intercept=-10.5756629

incomeCoeff=0
hhSizeCoeff=0
numCarStorageCoeff=0.330888603
totalValueCoeff=-0.000000366
bedroomsCoeff=0.088064361
acreageCoeff=-0.122668853
asrYearCoeff=0.001843757
bathsCoeff=0
poolCoeff=0.169359473
sqFootageCoeff=0
npvCoeff=0
dailyEnergyConsumptionCoeff=0.000000565
heatingFuelCoeff=0
climateCoeff=0
educationLevelCoeff=0
houseTypeCoeff=0
areaTypeCoeff=0

lik1Coeff=0
lik2Coeff=0
lik3Coeff=0
lik4Coeff=0
lik5Coeff=0
lik6Coeff=0

mile1Coeff=0.398902813
mile2Coeff=0
mile3Coeff=0.029908643
mile4Coeff=0.037558179
mile5Coeff=0

## transformed variables

coldVeryCold=-1.087454804
mixedHumidCoeff=0
hotHumidCoeff=0.00882537

eduLevel1Coeff=0
eduLevel2Coeff=-0.011661006
eduLevel3Coeff=0.331914919
eduLevel4Coeff=0
eduLevel5Coeff=0

hfl1Coeff=0
hfl2Coeff=-0.528448095
hfl3oeff=0.26933537
hfl4Coeff=0
hfl5Coeff=0
hfl6Coeff=0
hfl7Coeff=0.472403792

houseType2Coeff=0.001620402
houseType3Coeff=-0.479000383

urbanAreaCoeff=-1.791938119

totalValue75kCoeff=-1.11516187


